-3 708.463
-2.92929 603.412
-2.85859 545.397
-2.78788 455.459
-2.71717 444.541
-2.64646 396.834
-2.57576 364.57
-2.50505 322.304
-2.43434 277.615
-2.36364 252.117
-2.29293 206.485
-2.22222 181.294
-2.15152 162.717
-2.08081 133.96
-2.0101 132.279
-1.93939 107.426
-1.86869 87.3846
-1.79798 75.8452
-1.72727 72.3732
-1.65657 55.6203
-1.58586 41.4959
-1.51515 40.153
-1.44444 28.2542
-1.37374 24.5852
-1.30303 18.5901
-1.23232 15.299
-1.16162 12.1842
-1.09091 9.48862
-1.0202 7.18734
-0.949495 5.13253
-0.878788 3.1562
-0.808081 2.34847
-0.737374 1.42843
-0.666667 0.956668
-0.59596 0.577935
-0.525253 0.324465
-0.454545 0.180281
-0.383838 0.077076
-0.313131 0.0382749
-0.242424 0.0214977
-0.171717 0.013454
-0.10101 0.00593014
-0.030303 0.000794499
0.040404 0.00180598
0.111111 0.0204472
0.181818 0.070553
0.252525 0.184167
0.323232 0.393212
0.393939 0.71358
0.464646 1.17004
0.535354 1.75036
0.606061 2.89322
0.676768 3.92617
0.747475 5.52798
0.818182 7.29293
0.888889 10.6648
0.959596 14.6922
1.0303 18.9383
1.10101 22.1769
1.17172 29.9085
1.24242 36.5248
1.31313 43.9018
1.38384 51.2559
1.45455 68.4885
1.52525 70.1737
1.59596 81.0779
1.66667 107.035
1.73737 113.812
1.80808 135.236
1.87879 174.068
1.94949 188.925
2.0202 193.623
2.09091 229.836
2.16162 253.93
2.23232 284.806
2.30303 361.349
2.37374 382.727
2.44444 443.753
2.51515 470.159
2.58586 593.355
2.65657 542.698
2.72727 662.577
2.79798 745.421
2.86869 773.367
2.93939 934.181
3.0101 1010.09
3.08081 1134.63
3.15152 1178.57
3.22222 1267.3
3.29293 1305.13
3.36364 1452.63
3.43434 1531.65
3.50505 1879.82
3.57576 2006
3.64646 1930.59
3.71717 2023.23
3.78788 2563.16
3.85859 2751.27
3.92929 2631.77
4 2783.67
