-1 5.51189
-0.939394 4.1911
-0.878788 3.35035
-0.818182 2.62074
-0.757576 1.789
-0.69697 1.13733
-0.636364 0.681475
-0.575758 0.485982
-0.515152 0.312813
-0.454545 0.173124
-0.393939 0.091235
-0.333333 0.0485262
-0.272727 0.0300146
-0.212121 0.0179321
-0.151515 0.00986285
-0.0909091 0.00511396
-0.030303 0.000840773
0.030303 0.0010997
0.0909091 0.013159
0.151515 0.0469619
0.212121 0.115923
0.272727 0.237701
0.333333 0.399633
0.393939 0.640482
0.454545 1.20242
0.515152 1.60398
0.575758 2.15561
0.636364 3.19113
0.69697 4.48343
0.757576 6.25136
0.818182 7.11107
0.878788 10.196
0.939394 13.5954
1 16.0573
1.06061 19.6066
1.12121 24.5204
1.18182 31.7904
1.24242 34.7515
1.30303 39.005
1.36364 53.226
1.42424 54.7484
1.48485 70.3886
1.54545 75.269
1.60606 81.8884
1.66667 100.127
1.72727 115.003
1.78788 133.519
1.84848 142.468
1.90909 155.571
1.9697 179.63
2.0303 230.629
2.09091 249.546
2.15152 285.104
2.21212 274.706
2.27273 346.306
2.33333 384.056
2.39394 398.969
2.45455 465.641
2.51515 441.553
2.57576 574.022
2.63636 573.471
2.69697 577.191
2.75758 680.364
2.81818 710.74
2.87879 825.285
2.93939 951.011
3 1015.02
3.06061 1033.97
3.12121 1079.86
3.18182 1078.74
3.24242 1270.01
3.30303 1412.15
3.36364 1555.09
3.42424 1672.6
3.48485 1756.13
3.54545 1671.8
3.60606 1803.31
3.66667 1924.16
3.72727 2114.01
3.78788 2200.89
3.84848 2401.9
3.90909 2458.2
3.9697 3017.64
4.0303 2756.38
4.09091 2996.5
4.15152 3414.04
4.21212 3806.15
4.27273 3886.62
4.33333 3839.97
4.39394 4520.76
4.45455 4475.63
4.51515 4904.15
4.57576 5341.21
4.63636 4638.87
4.69697 4891.02
4.75758 5724.31
4.81818 6452.53
4.87879 6699.49
4.93939 5991.99
5 6573.09
