-1.000000 -5192.423579 
-0.939394 -3661.243698 
-0.878788 -2686.569840 
-0.818182 -1840.739577 
-0.757576 -876.510930 
-0.696970 -121.035802 
-0.636364 407.432769 
-0.575758 634.066033 
-0.515152 834.819286 
-0.454545 996.759478 
-0.393939 1091.692654 
-0.333333 1141.204579 
-0.272727 1162.664909 
-0.212121 1176.672042 
-0.151515 1186.026650 
-0.090909 1191.531995 
-0.030303 1196.485862 
0.030303 1196.185691 
0.090909 1182.205453 
0.151515 1143.018058 
0.212121 1063.072079 
0.272727 921.895947 
0.333333 734.169646 
0.393939 454.955583 
0.454545 -196.494050 
0.515152 -662.018920 
0.575758 -1301.518581 
0.636364 -2501.987536 
0.696970 -4000.139219 
0.757576 -6049.684451 
0.818182 -7046.338466 
0.878788 -10622.669867 
0.939394 -14563.563490 
1.000000 -17417.621856 
1.060610 -21532.293192 
1.121210 -27228.817015 
1.181820 -35656.862153 
1.242420 -39089.638557 
1.303030 -44020.682572 
1.363640 -60506.959037 
1.424240 -62271.863565 
1.484850 -80403.405733 
1.545450 -86061.209239 
1.606060 -93735.019691 
1.666670 -114878.863439 
1.727270 -132124.475470 
1.787880 -153589.906525 
1.848480 -163964.401152 
1.909090 -179154.590345 
1.969700 -207045.971084 
2.030300 -266168.649759 
2.090910 -288098.956481 
2.151520 -329321.023744 
2.212120 -317266.716545 
2.272730 -400271.947886 
2.333330 -444035.180891 
2.393940 -461323.686687 
2.454550 -538615.932274 
2.515150 -510690.932099 
2.575760 -664261.043699 
2.636360 -663622.274391 
2.696970 -667934.836689 
2.757580 -787542.360896 
2.818180 -822756.982505 
2.878790 -955547.963288 
2.939390 -1101300.976076 
3.000000 -1175506.029888 
3.060610 -1197474.593211 
3.121210 -1250674.454472 
3.181820 -1249376.048619 
3.242420 -1471113.626813 
3.303030 -1635895.241099 
3.363640 -1801604.288137 
3.424240 -1937832.566558 
3.484850 -2034668.138820 
3.545450 -1936905.133806 
3.606060 -2089363.485394 
3.666670 -2229463.795557 
3.727270 -2449555.180615 
3.787880 -2550274.377528 
3.848480 -2783303.449483 
3.909090 -2848571.529434 
3.969700 -3497125.253201 
4.030300 -3194248.902080 
4.090910 -3472617.842719 
4.151520 -3956668.182025 
4.212120 -4411237.752714 
4.272730 -4504525.894698 
4.333330 -4450444.972323 
4.393940 -5239678.651723 
4.454550 -5187359.851577 
4.515150 -5684139.205410 
4.575760 -6190818.903876 
4.636360 -5376602.504708 
4.696970 -5668917.715361 
4.757580 -6634943.263191 
4.818180 -7479162.111900 
4.878790 -7765460.602572 
4.939390 -6945262.262151 
5.000000 -7618926.227689 
