-3.000000 216049.155574 
-2.929290 184074.608453 
-2.858590 166416.486672 
-2.787880 139041.908429 
-2.717170 135718.778659 
-2.646460 121198.119936 
-2.575760 111377.872739 
-2.505050 98513.300211 
-2.434340 84911.235154 
-2.363640 77150.366600 
-2.292930 63261.279069 
-2.222220 55593.852614 
-2.151520 49939.540310 
-2.080810 41186.724520 
-2.010100 40675.075761 
-1.939390 33110.526927 
-1.868690 27010.492766 
-1.797980 23498.226447 
-1.727270 22441.448048 
-1.656570 17342.340086 
-1.585860 13043.273030 
-1.515150 12634.532329 
-1.444440 9012.874836 
-1.373740 7896.135220 
-1.303030 6071.396689 
-1.232320 5069.679123 
-1.161620 4121.622281 
-1.090910 3301.164125 
-1.020200 2600.719714 
-0.949495 1975.293786 
-0.878788 1373.754946 
-0.808081 1127.904826 
-0.737374 847.870725 
-0.666667 704.279742 
-0.595960 589.004151 
-0.525253 511.855067 
-0.454545 467.969543 
-0.383838 436.556866 
-0.313131 424.746911 
-0.242424 419.640407 
-0.171717 417.192133 
-0.101010 414.902083 
-0.030303 413.338939 
0.040404 413.646805 
0.111111 419.320664 
0.181818 434.571450 
0.252525 469.152332 
0.323232 532.779705 
0.393939 630.290645 
0.464646 769.224132 
0.535354 945.857093 
0.606061 1293.711287 
0.676768 1608.111992 
0.747475 2095.657558 
0.818182 2632.858317 
0.888889 3659.159982 
0.959596 4884.986401 
1.030300 6177.378901 
1.101010 7163.116955 
1.171720 9516.396871 
1.242420 11530.211077 
1.313130 13775.560803 
1.383840 16013.940419 
1.454550 21259.055465 
1.525250 21771.982584 
1.595960 25090.912025 
1.666670 32991.517608 
1.737370 35054.244339 
1.808080 41575.102756 
1.878790 53394.463008 
1.949490 57916.512742 
2.020200 59346.450794 
2.090910 70368.661672 
2.161620 77702.192417 
2.232320 87099.971752 
2.303030 110397.491626 
2.373740 116904.348946 
2.444440 135478.933792 
2.515150 143516.171812 
2.585860 181013.542681 
2.656570 165594.987565 
2.727270 202082.757641 
2.797980 227298.123337 
2.868690 235804.093712 
2.939390 284751.317639 
3.010100 307855.865881 
3.080810 345762.312259 
3.151520 359136.402943 
3.222220 386143.300222 
3.292930 397657.680072 
3.363640 442552.499734 
3.434340 466603.948207 
3.505050 572577.028626 
3.575760 610982.644525 
3.646460 588029.977740 
3.717170 616226.968205 
3.787880 780566.357902 
3.858590 837821.710625 
3.929290 801449.297407 
4.000000 847683.352368 
