1.000000 -0.212294 
2.000000 -0.081175 
3.000000 0.093650 
4.000000 0.137356 
5.000000 0.355887 
6.000000 0.661831 
7.000000 0.618125 
8.000000 0.530712 
9.000000 0.268475 
10.000000 0.093650 
11.000000 -0.081175 
12.000000 -0.256000 
13.000000 -0.387119 
14.000000 -0.649356 
15.000000 -0.911594 
16.000000 -1.348656 
17.000000 -1.610893 
18.000000 -1.960543 
19.000000 -1.523481 
20.000000 -1.173831 
21.000000 -0.911594 
22.000000 -0.605650 
23.000000 -0.299706 
24.000000 -0.081175 
25.000000 0.137356 
